2872.80470698
2959.83673698
3058.90514698
3195.96405698
3352.06516698
3466.10809698
3553.14012698
3682.18271698
3845.24604698
3946.29372698
4075.33631698
4188.42037698
4303.44731698
4434.48780698
4547.57186698
4618.60897698
4721.61816698
4818.67092698
4946.76588698
5043.81864698
5142.88705698
5328.96636698
5385.98782698
5457.02493698
5514.04639698
5642.10497698
5779.16388698
5916.22279698
6029.30685698
6128.37526698
6243.40220698
6390.47061698
6518.52919698
6619.57687698
6748.61946698
6819.65657698
7005.73588698
7102.78864698
7265.85197698
7393.91055698
7522.95314698
7709.03245698
7806.08521698
7863.10667698
7966.11586698
8023.13732698
8152.17991698
8249.23267698
8350.28035698
8465.30729698
8651.38660698
8779.44518698
8878.51359698
8992.55652698
9155.61985698
9269.66278698
9397.72136698
9510.80542698
9623.88948698
9722.95789698
9825.96708698
9912.99911698
10042.041707
10171.084297
10284.168357
10355.205467
10541.284777
10670.327367
10727.348827
10858.389317
10959.436997
11090.477487
11187.530247
11343.631357
11506.694687
11619.778747
11733.821677
11834.869357
11947.953417
12095.021827
12223.080407
12310.112437
12439.155027
12586.223437
12683.276197
12798.303137
12901.312327
13057.413437
13185.472017
13313.530597
13460.599007
13547.631037
13684.689947
13831.758357
13959.816937
14072.900997
14209.959907
14366.061017
14465.129427
14593.188007
14696.197197
